0.4413908100318352
0.4942689713016919
0.6184984241392834
0.8624348982097552
0.9277956766406145
0.17254261614112598
0.9078947475300448
0.6145812118785973
0.5121396379720184
0.4335112868103923
0.21326228727584418
0.8095793114536174
0.958529963551567
0.9514529418380405
0.45824793659463603
0.9541773076335833
0.5448344841847751
0.35902023989461374
0.7906604293532759
0.9567420298087772
0.7251344300861056
0.5975192486753657
0.6004998368371047
0.8275259098399355
0.4014432714731999
0.5190450650035836
0.053238716525088825
0.6504017354169864
0.481005852488259
0.6171640795719646
0.15359787489826493
0.6805783989811297
0.34473784876731617
0.9189062478606639
0.7567083278512157
0.3303743801659259
0.9759331877321537
0.6911928660222646
0.6069133081704838
0.0022119937041207294
0.317568127169788
0.07358026797387063
0.6310616312641408
0.8226901199240866
0.4615181298935903
0.28423196542107143
0.9415956296015711
0.6774955546085935
0.4912461530172554
0.3124101487076777
0.7711536993789535
0.8131617853255889
0.5587673221407421
0.10759319144776402
0.49254660434744735
0.72569357558655
0.8863183371155741
0.3130390575180163
0.8326432649297073
0.4923782471700857
0.5045225696386348
0.20829834142443637
0.49697018470820287
0.6956288155708062
0.0378055356208461
0.6826646410891388
0.8362008185825532
0.23536923236618645
0.7322826573627043
0.7475441738696728
0.07887444567162438
0.571009745631307
0.6727443558652189
0.9480306389097554
0.5128348776884123
0.07321247808701248
0.4276402351052204
0.7093331787117287
0.7295679676990198
0.4037730816780831
0.6275826610179264
0.33264643212773426
0.23587376627520984
0.3566357133365605
0.39755222823038283
0.580252997820548
0.029493514725291936
0.7417255236939103
0.4802633103065903
0.8556328410303609
0.6189354219942501
0.679544671217233
0.8267308861732737
0.33867210314830876
0.5545187357007506
0.23304092375256225
0.9973236136697605
0.9344328175325252
0.09652363730535085
0.988468959199893
0.4392345444960165
0.2465981856055519
0.23129737362005554
0.29761651447492266
0.09066830712982288
0.5517780357197969
0.9665361930596139
0.6909021450909172
0.8629222800933698
0.08828948169343354
0.1487970789241826
0.23117298041482925
0.3829715348067123
0.31696147366347915
0.08615063116350319
0.4127486012407774
0.4622947161066522
0.617318715743076
0.3571971237280803
0.13859870681744535
0.00656691200297943
0.005683581032320251
0.0868713851547972
0.4312779620349676
0.25307136712008527
0.46348437406764675
0.7616319696466151
0.13681531393189472
0.4014757533538962
0.43642606390397176
0.9506277115016788
0.07624988901405139
0.36232656435491284
0.796158418282521
0.8005025258051434
0.9543368543875519
0.8666593083940387
0.7067949412804314
0.6890960577692753
0.419381922315344
0.25543244058214354
0.42389722479172676
0.35411490146844404
0.44430410011253485
0.4193083272680763
0.4363866418646394
0.6278452267405921
0.9922385955492329
0.5547990551196387
0.7975247255859291
0.03948756632242778
0.3291204112686801
0.6926150658493292
0.2699980409643614
0.2810829119630397
0.8553445176493233
0.68567730865293
0.8692941027022993
0.0035288841911611524
0.23427248879218399
0.1168195412120383
0.5123703016718313
0.07333824958274271
0.6869453802135083
0.0038375388998709292
0.7173867637569776
0.5566723069774393
0.17170758178945023
0.9225203004271966
0.36041256442551173
0.7839958461763245
0.1363067823628612
0.9767580575449216
0.3216746820639268
0.20787402823571044
0.10282883848089341
0.9394118949732603
0.9237772793311805
0.8038193116421469
0.7888762495249352
0.150704808179566
0.8363113620603346
0.8882373227035025
0.04417863226293994
0.13745053189508583
0.6539885343374078
0.31190916243829137
0.44073226829984835
0.35519479839965895
0.14420168147806445
0.5293598123486389
0.3504343462443056
0.5206171834973089
0.8376637369091519
0.7492027714179404
0.13687877154953076
0.2226783383664055
0.5517170180070047
0.5724935427797394
0.20872370634633408
0.13559868632411654
0.729074971733301
0.8124078519669891
0.8698983997031471
0.6525635351233403
0.2543360703590368
0.17640093058642226
0.6710732758641098
0.7751219414403647
0.8603139985430592
0.49941156585633395
0.06203932323691175
0.6211622151757078
0.6228483822108397
0.6798510043908902
0.058492932033957334
0.6432637319419378
0.3821749015882089
0.020750542283965223
0.9534143179504344
0.28250592260294516
0.8668361193346988
0.9336090984072817
0.8823509635672124
0.8905971225596386
0.8941286981677381
0.3137809908313258
0.1958748836342339
0.6906033367254788
0.3025858436200475
0.7289146783680104
0.7950393516574983
0.2996884859700544
0.11707157336742469
0.49423962667301324
0.5230611536728098
0.7793274761513312
0.898144858619548
0.8746003500988835
0.8678841407405341
0.8288710817087614
0.6373756951387887
0.43100537824301743
0.4274160810897185
0.4566471648984043
0.04299589321328956
0.8268690942294483
0.06673596166538032
0.5272250520863739
0.9184835822068926
0.32442153692770637
0.9729559179809075
0.551405905259833
0.18161047025920518
0.13830862832635726
0.6817897742308031
0.8074331395368032
0.8297744302920739
0.8834484558935346
0.3129254618520855
0.3333989496642711
0.030557534268481623
0.04147395457844738
0.9080703942711406
0.7786644488457592
0.009245637581650423
0.5085217444566966
0.8675493685886191
0.6797317590225025
0.9354844232330066
0.9297911966276774
0.22152289620580135
0.5889452460612007
0.40889464325343905
0.1585797627230583
0.6120649018190737
0.12491959301299127
0.48471678748529645
0.5830479779061539
0.8600124744379061
0.041525903098729056
0.9371137074291525
0.16028565709389786
0.5615621910552295
0.2027299478642658
0.6232287656828942
0.30621907816641203
0.3370573298332802
0.6345787214654411
0.7830007918067206
0.1306364963322446
0.872918442564655
0.084396889208879
0.4423420166040899
0.6922586395037031
0.8613009498515163
0.3930914956409992
0.5918306861861146
0.16689025606136665
0.6677147648247106
0.6918120174310277
0.9935926552280384
0.11170351705462955
0.8182116759582201
0.11552030485652942
0.699296697660118
0.9172129833223936
0.4233956664423332
0.05196188066144691
0.7706406162722488
0.9580340138105639
0.5656646284462018
0.537594324221114
0.7697527804449037
0.9375555868832349
0.051318464216180915
0.3842459372066559
0.4852743030962099
0.07953799532100991
0.7284310969454552
0.09871631649437651
0.2355846364754033
0.40386775519182583
0.9463696108867906
0.6035600896055332
0.10855722998517314
0.2558422860461147
0.4843335485117142
0.30894259924559264
0.12189894448812566
0.2789484574199643
0.5986220452523399
0.06974600032833
0.3582271933264817
0.03436482434013366
0.1303035324577636
0.5744801521726803
0.7459351747962346
0.29749516422972844
0.39254789356981823
0.754268196996228
0.2975211547213672
0.31174700633394514
0.013611116310583093
0.06621146091047447
0.8126861920039731
0.8099354377249838
0.6403128000965043
0.045250542463739274
0.06318737590593693
0.910417950868471
0.8202192169000733
0.6281608258043138
0.2242399416846963
0.3353427033900164
0.41482565588755194
0.8650648455037255
0.3277909943420181
0.6705250547228383
0.13881010468707777
0.7776656109387161
0.18915577966340724
0.456677597040105
0.5009946356728416
0.8903864837303735
0.02426522681462795
0.9561991048218357
0.04357573347920507
0.9200087631288827
0.799101289284168
0.7012447483415101
0.352263737533405
0.8559179474155989
0.3297445155454448
0.5752085367420262
0.7815210097052545
0.7170485598589562
0.9440474418453079
0.059387816746013344
0.3379126429137803
0.4837290764706609
0.9811155444749063
0.14845886670144448
0.7377739389972124
0.7822852130912319
0.22618938111498432
0.9186482039841727
0.8890536774254363
0.7681597373559481
0.7181019970235337
0.5935246634002307
0.14115565170488464
0.220610809850874
0.7701793634119374
0.6786864203531557
0.43000436616861704
0.650482479162518
0.9107948229346613
0.2917763696693506
0.13243039252922606
0.22870368979740519
0.7282662926447361
0.9365114768957054
0.16148641148255816
0.5596974423753857
0.5311465883250985
0.42519967974165596
0.49785635334225586
0.9262554040099885
0.05612494401815227
0.3052351439717863
0.29418502885883957
0.3485367453996635
0.059771573901102215
0.29316310896900566
0.29245773209739656
0.22290359890972267
0.3478754690996453
0.902272360274349
0.7471928861606719
0.4552604953688899
0.12883681797322433
0.8588087267019168
0.9319139288052465
0.7667202355879876
0.4353849542277485
0.2606899062736068
0.8796161955672638
0.30576641429703744
0.37916906177282583
0.8790026446199186
0.9149783244618303
0.7482944080613385
0.7423540254408334
0.9882657932067305
0.369233894218685
0.2038708977422401
0.8859539747887774
0.8791325056135214
0.019579516691499266
0.36873483637838134
0.09212458934155499
0.5236186743896204
0.6083683621715668
0.9062483815237706
0.06206918151040375
0.21218619352892054
0.3687768298456222
0.717916021779527
0.5649951992763944
0.4474995892090372
0.6413262007571231
0.5708999305573212
0.9720763198128941
0.8767922455051571
0.24759710074881347
0.11430137468175716
0.18641704462139175
0.6810180088344275
0.717426884369688
0.8630169311798709
0.8219059603906309
0.6345164551021436
0.23109644640664984
0.1851286213676111
0.06839766541772818
0.09941394792070835
0.5955600237830277
0.7304613227503851
0.08525096822704348
0.5201643710746121
0.13930883200633737
0.13152656617192615
0.08110211284368285
0.20641169633056744
0.6638670701365786
0.7584468838451597
0.724245355202416
0.4851260035838826
0.8059731773101978
0.737863314176934
0.7736043514751376
0.587647586421839
0.0053067032179667795
0.17774208587842188
0.14272128565881448
0.5855662371305069
0.2142848720607583
0.39851617878443335
0.5477594126194084
0.7471107798886147
0.8307314996757813
0.4629648332121873
0.3887269059454389
0.5396893056521228
0.7495742468926319
0.6510639322749809
0.22983042318110092
0.5849331948547396
0.28385938154941204
0.8247839099965102
0.5176425517986353
0.389613244453513
0.32022750783596654
0.7100566811832975
0.17883146914046988
0.3826237730739094
0.6069848912550486
0.9432392374349579
0.6705948586220678
0.4024932086063192
0.7350830996337787
0.43388171793012
0.6077143409259168
0.09567270084896129
0.43935477531694656
0.02767331647355875
0.3497600212454538
0.7852229355165611
0.48730717576273963
0.4631429349752365
0.26913225034483823
0.7005713930265195
0.07878744798338777
0.9761445820275888
0.7158090723646451
0.2926219899523822
0.42720766757023676
0.4441672064446519
0.5098002769672427
0.8163198058479384
0.6354661073327894
0.9921644991817623
0.6529725717587413
0.6033519988595217
0.960110711584444
0.5952524884806595
0.6016518775003867
0.21318186127511707
0.4847995319590057
0.2656273680221518
0.007043230485333063
0.6686462201100811
0.07196327521681989
0.9216607260327807
0.8541492648090945
0.20967342598528405
0.6013455316677723
0.5487223436359902
0.3338942604954839
0.22956953974734295
0.9716601027432032
0.4787512996138952
0.46046100673696033
0.3314864909783354
0.20985150820445608
0.36662237366289174
0.06646696083410575
0.9985637480560434
0.7717349195781638
0.047142717214497476
0.5160921397521235
0.9797776931512588
0.02170283565179454
0.0027867158773067224
0.694738296460082
0.9428499082809374
0.5082798797439807
0.8179847613277821
0.4659095802110472
0.47146300882868997
0.36094278877923236
0.8066766398418781
0.4987751533214093
0.6071071888327052
0.930141027402916
0.48627370695178773
0.9939748697308936
0.5279805553294188
0.1856152208235048
0.36923934637898437
0.011759575922607568
0.872876326179996
0.5591211268694989
0.275879887924778
0.7585288107853951
0.6943491323940869
0.003612274355576761
0.26656593439756004
0.11904737566076418
0.3104146137124013
0.6275270892604269
0.93496534254404
0.24067922050007295
0.49439769508560805
0.6882189400404185
0.5846739753456219
0.18733945514084827
0.9477675912399712
0.6193343488720944
0.35093287255717065
0.746514810949219
0.12420919044527201
0.7294081915602488
0.5722709501226187
0.34184763830907805
0.4786634927498731
0.9836616426221858
0.28414903654797286
0.6186821269930293
0.674012200279056
0.9729478228882487
0.19425646189501455
0.7493257968478849
0.026637709364635054
0.8541953259999635
0.1626961554277797
0.8452824621937599
0.4767495053946831
0.307126550060026
0.5355911592121638
0.3924770580729031
0.247504595023327
0.2752428255371586
0.5424706998355243
0.5710070933582699
0.6490551523073563
0.7332831093663655
0.6364600327207051
0.03672278502555759
0.8044712482122519
0.8783359742686897
0.8287521168452066
0.9816558032795135
0.02172412494018583
0.6996619403934804
0.42148538897815124
0.4256756551750811
0.7135959511070867
0.020113137994777097
0.2631241479246411
0.982622516131067
0.5983423755627348
0.443342332504306
0.5548047599449714
0.4890134679381297
0.14437571190639897
0.9878760612260382
0.13862227243385272
0.9065388365108376
0.5041695925205392
0.6394738151469508
0.4678031447594483
0.43735285185880557
0.34776268081400163
0.17989411927434318
0.22509220221408122
0.1152018722401662
0.9915256448090602
0.03517531543752006
0.1620981737998437
0.5700243961193125
0.5327728069026887
0.7630160973936617
0.42172808520432525
0.2117716108145492
0.23674877838262887
0.9324463507848845
0.9472205537422307
0.5656931339761155
0.6478402486074802
0.11605144972937853
0.550818019713944
0.12402524067041254
0.403678802495662
0.28735664439004427
0.9354336641409609
0.8323181399950434
0.5558885529118226
0.43792664312524
0.05709114514491309
0.1137695338333169
0.8006670943334726
0.6011878350772574
0.6152945583862752
0.6933194747354577
0.21234534405682315
0.23798749406593211
0.9913661355811451
0.18912558268050783
0.4260466912395985
0.08696280528520028
0.412629058147457
0.9284823450270085
0.6112515002442119
0.7747908845224842
0.8539075407071939
0.7628270615355444
0.7545435769338872
0.10117377881158562
0.30199413715663936
0.5700218717877391
0.6592264540576948
0.6336751320844919
0.4292871912207694
0.5173503322479795
0.7396168026424357
0.9929563680018226
0.4978988690349653
0.6041136984994839
0.029857241963183623
0.8970612514969578
0.3615774557709187
0.2439040580499997
0.017818368663050976
0.9508883874633821
0.8849790695719788
0.31931157349709727
0.19376766540089596
0.1611399106832866
0.11684011197240507
0.7838092444896105
0.9768805764029518
0.825010298262083
0.23646843402480244
0.5473629320258966
0.43071735992355686
0.06397218702205343
0.32964370711159796
0.49935152507277936
0.24460609872618344
0.35249228250945663
0.481622804238546
0.9217018091533674
0.1958113917249351
0.0216499282134196
0.04004552340438494
0.19586012597390334
0.11600347771785091
0.7940179765235049
0.766297063440827
0.7410010148200016
0.9843175281976569
0.016891585319246172
0.9831114195595886
0.0460505607218169
0.1689251454619709
0.4675829719627327
0.5682187287864394
0.5449637207969348
0.8329285658777044
0.4409292981683527
0.15846357181149207
0.954126996197946
0.6116182211543799
0.7482876476986742
0.268256144868981
0.39888768134022023
0.7528101535965167
0.005562693301846555
0.5038117973853458
0.8575549607009458
0.4136251903089788
0.3087702663377617
0.8913555847893345
0.5105535825284033
0.016580905038122595
0.44565311726875845
0.014572552359480628
0.3902902048829787
0.49577154491969844
0.9071878832556733
0.6242319571654501
0.8834684841930557
0.9203929100154362
0.016921424771559224
0.2128888056099949
0.8803707146098216
0.3125404119685653
0.8026645256214602
0.2603802375935417
0.10457769061530531
0.9237204704556358
0.9154430943676218
0.4856967783259738
0.16137244022182784
0.4066411904345737
0.7214839588059286
0.22446510872418024
0.07138516606552703
0.6999537705361917
0.43773212724846366
0.5179922982382952
0.27623882807811884
0.7460397324835686
0.7472884606108667
0.9743799292055872
0.9617800864974708
0.6650453291112225
0.3661674766040437
0.387868534442688
0.5204042450362695
0.6005790299500581
0.7281401087532318
0.49551344902359673
0.8942924827227363
0.2186849096173309
0.37850595278954224
0.5139802804734896
0.35935048520216306
0.4043585874492389
0.905505293955111
0.9594180035296426
0.49754231339159793
0.41111724457825194
0.9345903277413372
0.16187975807089128
0.7782823031479107
0.17733585248304629
0.3362749492264875
0.308390841924876
0.5590031373039561
0.6531436718903273
0.17400625676927772
0.6633183727898753
0.5546726997955554
0.5958292099420552
0.5296525926200283
0.026076314441066728
0.14916340099908798
0.28916939646698303
0.09142954944677517
0.641602304477792
0.3553885368800236
0.4001182429986502
0.1412048105438124
0.01214186489316127
0.3771144895106757
0.9429437645286946
0.10789861233771603
0.1846725657760654
0.9214345438285854
0.7653491074184579
0.9845016146980371
0.7497065854180947
0.24492315606720771
0.052264693609485935
0.23447647662388238
0.7313873635041882
0.981886545900736
0.25894388715101624
0.792516670076644
0.020034370332664864
0.1149292894289341
0.08607804096054272
0.9223371777647614
0.04503475387585343
0.5514038424571595
0.5838046574631626
0.6554812135902925
0.8674579198928775
0.5625553712835638
0.08084526365229816
0.7871847256962877
0.19323398263108593
0.7547908095410432
0.3517758629084855
0.861278694443072
0.5653204603885225
0.5450062143357142
0.6055702355244439
0.5218608328705083
0.6943876742550591
0.1148879898737738
0.5325289107092145
0.39002718447777607
0.6837646856550607
0.8094069203172642
0.3166472670548435
0.7470618839586977
0.05901403536328087
0.1195428015998794
0.7872097971540631
0.5133513160037959
0.580658871138754
0.41686954326357883
0.5325699094183098
0.9895983049552791
0.7588722447339566
0.06440188215707277
0.43265291105654635
0.022830295373629905
0.42115117777744404
0.5539219617767945
0.5897736469974189
0.710868861265286
0.6098345926716849
0.10870843335093983
0.2133837263382352
0.8176281290937855
0.42428692451086847
0.08834851912674946
0.9368740395547285
0.7333193293569494
0.5801080435071835
0.7942955941728331
0.9917021592050765
0.571544446685519
0.14145136649911494
0.8374416507740418
0.3772058955346562
0.4044140559899738
0.466628870264053
0.9848549329193701
0.38750155454179647
0.7117039712709496
0.9288617823111723
0.39776372889545697
0.018251535891253057
0.17525774018293783
0.7929461610239134
0.18333897771702834
0.8341279485498077
0.8632980917397436
0.7631522983680841
0.06231350227848442
0.7650633295580859
0.9078175555708641
0.92774570141577
0.5260588342379711
0.35058376612051023
0.5652030816026685
0.22581274995047484
0.31424516720015105
0.12857104209278536
0.0035895593070918164
0.13572564787547625
0.3845232086061453
0.7701509485136322
0.10987382623129394
0.8914205939739881
0.03952790605593237
0.6545510401309861
0.3734971445229279
0.9905520635447356
0.35719934259899333
0.6092954269112535
0.580951523520707
0.5208496072554138
0.8539257423442027
0.44972439267782693
0.5746672428298606
0.5516555124169518
0.8856205990063353
0.12952316130822694
0.6116494990551667
0.44196150185041194
0.4931075581292116
0.8697950850717742
0.17894299255229207
0.04556563215331466
0.534994821323117
0.31469762534987045
0.21265155091447374
0.5941902282052617
0.8375430699054733
0.26934016094804847
0.23628562893848293
0.9596741206982825
0.8263133390633087
0.963127225902656
0.4078006834495592
0.7050515818841848
0.3983529649359141
0.12078077503958373
0.1485433902389588
0.24783982768895008
0.23554063511403767
0.8613292228133427
0.784425656737986
0.9202328240850259
0.4899867931925833
0.24555565099350984
0.5487649106633071
0.3872966927977778
0.052530951944663284
0.8872319220140076
0.0827519916507451
0.03729017935852952
0.7037035376411191
0.1322133273493029
0.335744868447969
0.4428557949546348
0.8253973326929382
0.8063707565566975
0.25535319707905557
0.026981496962955376
0.7824081159220514
0.11898010975203577
0.6869033540876146
